0.329953
0.884309
0.904845
0.981040
0.948302
0.779176
0.990632
0.984651
0.941548
0.920558
0.896002
0.902988
0.969485
0.980328
0.883635
0.971354
0.934334
0.894567
0.982249
0.981735
0.902255
0.886797
0.960050
0.724222
0.935147
0.956672
0.929579
0.906841
0.937972
0.922505
0.962856
0.948320
0.956222
0.944422
0.983365
0.956790
0.889278
0.890413
0.912028
0.937721
0.931682
0.869500
0.985660
0.948774
0.956717
0.980673
0.872534
0.832879
0.942339
0.895619
0.968982
0.923526
0.940224
0.974187
0.959537
0.968613
0.923138
0.974885
0.972937
0.952734
0.982027
0.894942
0.908465
0.981501
0.901951
0.932013
0.911692
0.954597
0.916037
0.868789
0.972479
0.825548
0.936654
0.967276
0.934202
0.981770
0.825473
0.932504
0.995260
0.967588
0.884356
0.975162
0.941728
0.948425
0.936196
0.911234
0.937160
0.987630
0.819239
0.908069
0.935482
0.912021
0.953784
0.801836
0.949931
0.903458
0.939275
0.932806
0.936682
0.965141
0.973071
0.451931
0.949615
0.978171
0.846179
0.950764
0.983632
0.960346
0.982912
0.989274
0.684614
0.941471
0.954442
0.939676
0.977831
0.938795
0.936958
0.984630
0.916899
0.930729
0.939616
0.972998
0.950760
0.963141
0.922620
0.939475
0.763184
0.931632
0.931576
0.953502
0.965226
0.939508
0.873074
0.963216
0.414985
0.978058
0.955031
0.944846
0.946300
0.932909
0.974469
0.871808
0.984137
0.901250
0.944615
0.982724
0.960199
0.930392
0.970120
0.952909
0.958292
0.928462
0.901879
0.968201
0.961729
0.787093
0.958975
0.926532
0.939689
0.957779
0.933891
0.799532
0.973083
0.972732
0.928453
0.971997
0.946464
0.895122
0.941436
0.691696
0.972837
0.936448
0.951736
0.880493
0.906968
0.950196
0.967983
0.928995
0.945978
0.930624
0.978893
0.955402
0.964105
0.977180
0.908181
0.892545
0.934420
0.952541
0.936232
0.919886
0.905214
0.818965
0.983952
0.983622
0.946185
0.930924
0.970645
0.909878
0.876997
0.944002
0.915281
0.975936
0.934280
0.910686
0.928001
0.935219
0.969128
0.958352
0.921702
0.916711
0.985543
0.972041
0.922129
0.951063
0.978710
0.909294
0.859083
0.947546
0.968235
0.794238
0.886299
0.954429
0.975614
0.957683
0.949503
0.933842
0.915417
0.951304
0.956318
0.957142
0.726437
0.896537
0.946691
0.951824
0.944921
0.933801
0.939808
0.989330
0.978121
0.939660
0.972018
0.955880
0.954816
0.939097
0.968674
0.831721
0.964708
0.805440
0.841374
0.944812
0.939730
0.917212
0.958986
0.981183
0.976035
0.966047
0.981210
0.935251
0.957336
0.945216
0.898052
0.921455
0.913716
0.881051
0.952215
0.920124
0.864019
0.938339
0.974155
0.971490
0.950964
0.966260
0.760444
0.916443
0.873972
0.911163
0.916266
0.980259
0.907759
0.956719
0.950346
0.920329
0.957789
0.916591
0.926814
0.972934
0.983699
0.729626
0.960149
0.982323
0.987702
0.911356
0.921448
0.875348
0.931024
0.932881
0.871650
0.927771
0.979845
0.917061
0.826526
0.951757
0.925476
0.817316
0.939558
0.955361
0.982499
0.962273
0.959402
0.971676
0.988108
0.921497
0.977646
0.949807
0.907001
0.988518
0.947179
0.960222
0.728340
0.934304
0.881348
0.972562
0.984661
0.909593
0.950502
0.941363
0.910761
0.965926
0.981817
0.941298
0.972468
0.951061
0.494193
0.903333
0.981286
0.931372
0.977187
0.837105
0.934693
0.991875
0.969943
0.959690
0.969626
0.894335
0.808547
0.934933
0.963367
0.971632
0.977154
0.910043
0.865805
0.951066
0.978468
0.931676
0.851343
0.966337
0.881600
0.943315
0.927150
0.925796
0.991360
0.958209
0.922373
0.675195
0.934788
0.986689
0.907048
0.953742
0.802963
0.953084
0.889342
0.919113
0.980162
0.970250
0.949629
0.984674
0.978727
0.937084
0.933303
0.910081
0.965546
0.958309
0.967732
0.695835
0.955717
0.971744
0.978829
0.932635
0.976498
-0.028920
0.957422
0.947643
0.929444
0.991460
0.806262
0.909049
0.934697
0.930570
0.961417
0.865784
0.891426
0.833259
0.983349
0.980248
0.658365
0.958183
0.954569
0.762790
0.581876
0.953081
0.968811
0.946307
0.766455
0.949530
0.915736
0.954114
0.931710
0.939960
0.859027
0.904909
0.917608
0.909383
0.812389
0.976853
0.979073
0.599834
0.925578
0.975745
0.963380
0.980957
0.960024
0.703046
0.378175
0.954268
0.917048
0.883880
0.916823
0.730292
0.935147
0.894639
0.829540
0.950373
0.954514
0.804347
0.964478
0.947062
0.818988
0.984621
0.946634
0.959824
0.968528
0.770053
0.879685
0.920724
0.975576
0.831398
0.943972
0.916457
0.715537
0.822004
0.892742
0.952359
0.951250
0.865567
0.944595
0.815876
0.930276
0.868644
0.965999
0.929117
0.932090
0.982040
0.931868
0.818873
0.974090
0.961367
0.945769
0.964730
0.970954
0.981128
0.971326
0.961439
0.974693
0.927202
0.821050
0.905389
0.875812
0.987788
0.932874
0.942679
0.960514
0.972708
0.948170
0.945157
0.974646
0.917802
0.953134
0.947938
0.945227
0.851052
0.939296
0.914322
0.959221
0.921083
0.974476
0.939818
0.953554
0.949871
0.967600
0.974348
0.972631
0.961987
0.951164
0.913066
0.954688
0.887395
0.983336
0.965055
0.672619
0.870786
0.888626
0.838869
0.696676
0.980494
0.968012
0.936137
0.981830
0.899660
0.925311
0.950594
0.897361
0.988373
0.977147
0.605892
0.901160
0.913240
0.607095
0.988984
0.865918
0.952858
0.972637
0.974147
0.947158
0.910124
0.893666
0.655468
0.958291
0.958400
0.931639
0.920762
0.873679
0.929121
0.896432
0.977997
0.836386
0.878664
0.971525
0.841624
0.975602
0.899967
0.819339
0.979976
0.947923
0.866502
0.988895
0.947007
0.454305
0.947867
0.984171
0.889238
0.964416
0.960967
0.928141
0.907380
0.876862
0.953624
0.952695
0.931925
0.818113
0.916643
0.889484
0.967577
0.935502
0.967391
0.891628
0.894973
0.930236
0.940938
0.922825
0.959380
0.931598
0.874611
0.975474
0.926960
0.960620
0.963291
0.927855
0.917015
0.980031
0.866596
0.957560
0.970123
0.944418
0.924800
0.728068
0.978224
0.905632
0.923547
0.897628
0.981950
0.671929
0.914885
0.962247
0.976913
0.935660
0.974787
0.944870
0.614789
0.824761
0.913498
0.909540
0.796580
0.962502
0.703906
0.942066
0.963950
0.961207
0.965229
0.980993
0.862678
0.965762
0.921501
0.928913
0.989093
0.981238
0.952636
0.979065
0.958882
0.921602
0.946243
0.859415
0.889763
0.913445
0.928278
0.937564
0.855925
0.986870
0.954840
0.978518
0.838911
0.876027
0.955221
0.979609
0.952243
0.963940
0.936882
0.907580
0.966547
0.987422
0.939737
0.978990
0.912786
0.727333
0.975221
0.951186
0.966754
0.994556
0.957905
0.929210
0.863210
0.846466
0.857814
0.863823
0.983342
0.895146
0.955223
0.946432
0.962920
0.930392
0.968155
0.928434
0.959076
0.977109
0.944455
0.538268
0.953490
0.861692
0.947288
0.945508
0.887171
0.961584
0.885321
0.790513
0.968379
0.868670
0.903937
0.878460
0.955024
0.941256
0.855085
0.985501
0.659213
0.922355
0.969220
0.915830
0.972227
0.979721
0.941346
0.969277
0.605482
0.916015
0.979031
0.849045
0.899603
0.936474
0.966742
0.823864
0.855861
0.921499
-0.029409
0.979630
0.690116
0.916348
0.906893
0.955389
0.947344
0.922591
0.977908
0.930213
0.959489
0.959403
0.933949
0.974316
0.961265
0.973242
0.952652
0.969131
0.888039
0.958685
0.932587
0.927630
0.973729
0.963002
0.926164
0.949217
0.984640
0.926329
0.928563
0.940561
0.953699
0.970025
0.943766
0.962015
0.979932
0.978206
0.926179
0.991452
0.980934
0.829600
0.974053
0.959685
0.941650
0.959415
0.938048
0.970144
0.858626
0.980876
0.970633
0.909430
0.922182
0.712588
0.932469
0.964371
0.943519
0.980860
0.901986
0.928208
0.961270
0.940019
0.837917
0.939491
0.977490
0.939273
0.989926
0.946453
0.726493
0.969930
0.973381
0.570161
0.941963
0.932691
0.859679
0.964175
0.985913
0.747622
0.942351
0.945825
0.929324
0.983112
0.952929
0.934560
0.970734
0.959656
0.932462
0.938236
0.940716
0.633767
0.976842
0.967265
0.897891
0.966018
0.968384
0.911154
0.941933
0.978749
0.905618
0.837207
0.913414
0.127422
0.862795
0.988078
0.954514
0.978539
0.931483
0.912814
0.877624
0.985504
0.945998
0.789918
0.971319
0.898894
0.977885
0.862575
0.971606
0.965766
0.890071
0.877775
0.993879
0.977245
0.923009
0.991585
0.975584
0.836112
0.965843
0.951223
0.934150
0.966249
0.949936
0.929127
0.966921
0.986472
0.954063
0.847952
0.940218
0.888938
0.989690
0.974543
0.916030
0.989478
0.918256
0.913559
0.991996
0.949125
0.919044
0.936219
0.952265
0.919685
0.974287
0.916003
0.948441
0.949200
0.678005
0.978555
0.968126
0.926563
0.912052
0.970215
0.959059
0.881310
0.981069
0.970019
0.930992
0.921588
0.951645
0.886346
0.951334
0.980974
0.915046
0.922612
0.966584
0.946568
0.969857
0.924316
0.908289
0.954607
0.941207
0.639263
0.985124
0.937369
0.974934
0.934750
0.979872
0.961380
0.873360
0.858887
0.982051
0.893631
0.979720
0.975213
0.899033
0.960160
0.951914
0.976481
0.859054
0.827353
0.972135
0.782324
0.911548
0.957807
0.971248
0.815290
0.940249
0.966309
0.922004
0.953771
0.875273
0.740117
0.989510
0.982789
0.976452
0.975817
0.879349
0.979044
0.917177
0.875123
0.899904
0.947133
0.963806
0.747204
0.964851
0.942678
0.945381
0.936682
0.987144
0.924454
0.988404
0.962279
0.369415
0.975395
0.992293
0.941998
0.973575
0.985144
0.954504
0.989129
0.945202
0.882133
0.878850
0.968926
0.964201
0.926786
0.944535
0.919119
0.952624
0.931684
0.977097
0.978305
0.962227
0.969351
0.979464
0.982890
0.925704
0.887563
0.850744
0.937394
0.921808
0.954575
0.921581
0.979203
0.947974
0.956056
0.975682
0.802472
0.963281
0.983875
0.950537
0.928434
0.984489
0.505687
0.906348
0.899278
0.947600
0.668847
0.979657
0.946684
0.957913
0.962988
0.949941
0.646744
0.969138
0.957703
0.914735
0.991835
0.957364
0.954038
0.909120
0.979598
0.945391
0.960754
0.967436
0.928302
0.736440
0.932911
0.955032
0.986347
0.864983
0.870399
0.873478
0.899450
0.978178
0.897388
0.989269
0.937511
0.956005
0.872942
0.826635
0.986944
0.931161
0.949810
0.974798
0.806987
0.970790
0.878385
0.923431
0.960866
0.989146
0.952763
0.948632
0.982911
0.900758
0.945292
0.926766
0.980585
0.930875
0.898229
0.968989
0.897723
0.877391
0.976559
0.860644
0.954757
0.816383
0.906809
0.984718
0.940925
0.958057
0.791062
0.975300
0.946537
0.985601
0.908899
0.961884
0.965532
0.967374
0.898876
0.869820
0.989020
0.842223
0.949463
0.970117
0.927679
0.913320
0.941685
0.809101
0.938489
0.949007
0.886817
0.985146
0.963706
0.951547
0.972877
0.933047
0.900226
0.938368
0.930544
0.950883
0.918906
0.951990
0.946317
0.957525
0.973148
0.970689
0.978126
0.949918
0.976670
0.975268
0.973605
0.896230
0.945795
0.965114
0.927787
0.989489
0.796720
0.984141
0.960965
0.955187
0.700808
0.827683
0.960200
0.934392
0.942620
0.927303
0.947545
0.934463
0.966579
0.617049
0.975628
0.893951
0.959685
0.957772
0.977133
0.916437
0.985061
0.964672
0.952061
0.956773
0.940772
0.886418
0.993785
0.952420
0.921271
0.938939
0.925124
0.899220
0.937756
0.972525
0.847451
0.976987
0.971509
0.858788
0.931890
0.989660
0.886708
0.960544
0.971565
0.812632
0.975765
0.952699
0.925674
0.929250
0.984906
0.961910
0.955058
0.920211
0.933011
0.932120
0.972854
0.892463
0.933052
0.960797
0.951900
0.962964
0.811564
0.965522
0.971301
0.975105
0.887845
0.984138
0.981075
0.932429
0.989074
0.981847
0.954311
0.975736
0.971351
0.407997
0.889134
0.939047
0.960319
0.984471
0.992795
0.759520
0.960545
0.960136
0.965438
0.932824
0.958867
0.978099
0.983765
0.938029
0.974234
0.967013
0.972359
0.817906
0.983663
0.906500
0.962017
0.890400
0.950196
0.972640
0.989345
0.965985
0.890289
0.962981
0.894536
0.964374
0.987258
0.929777
0.920295
0.972299
0.938918
0.898505
0.882230
0.963269
0.942872
0.953083
0.966192
0.953990
0.988269
0.980014
0.951064
0.939930
0.973378
0.699870
0.590707
0.954222
0.945836
0.851302
0.963142
0.950408
0.972368
0.925248
0.965665
0.944263
0.920412
0.958955
0.951798
0.967430
0.952976
0.914154
0.967440
0.945163
0.978240
0.959692
0.892693
0.961927
0.936727
0.972587
0.908655
0.944651
-0.275460
0.967535
0.968145
0.953124
0.923451
0.972185
0.875255
0.922146
0.964138
0.893551
0.968628
0.957850
0.977576
0.930690
0.968216
0.933072
0.976527
0.948550
0.964394
0.977280
0.972930
0.900232
0.963525
0.926833
0.914702
0.974819
0.834058
0.906820
0.983824
0.963916
0.958468
0.974645
0.452592
0.892687
0.786568
0.780031
0.756915
0.978749
0.963938
0.756187
0.977218
0.906236
0.316109
0.955288
0.977360
0.941631
0.928446
0.963309
0.875425
0.983266
0.980808
0.929568
0.964435
0.804613
0.781691
0.933627
0.946704
0.923945
0.982893
0.926466
0.604197
0.924182
0.987397
0.990310
0.844763
0.955318
0.938275
0.946427
0.970787
0.914806
0.983084
0.918900
0.815059
0.761668
0.883979
0.944400
0.921200
0.973115
0.951744
0.965304
0.957377
0.946904
0.918129
0.940134
0.957228
0.921061
0.917727
0.974630
0.967558
0.971576
0.953828
0.941342
0.982576
0.926248
0.971539
0.959273
0.957403
0.991553
0.955251
0.937745
0.976891
0.952981
0.852809
0.878790
0.936121
0.965208
0.982703
0.939083
0.952126
0.975852
0.974448
0.885136
0.980631
0.937796
0.911062
0.932331
0.755739
0.812328
0.946818
0.881495
0.912929
0.980417
0.978869
0.748517
0.900667
0.990966
-0.087629
0.989623
0.159660
0.987802
0.889561
0.948885
0.809417
0.937353
0.947845
0.847613
0.976607
0.961401
0.923472
0.943239
0.945066
0.899228
0.981719
0.956604
0.943201
0.958586
0.947810
0.913773
0.991641
0.951433
0.954538
0.983753
0.975957
0.917428
0.971433
0.978687
0.908941
0.962097
0.843291
0.944685
0.971145
0.977854
0.882959
0.971831
0.953612
0.947088
0.913926
0.978584
0.685298
0.928535
0.881959
0.936453
0.983949
0.948903
0.981028
0.961893
0.954850
0.851754
0.971997
0.946714
0.929938
0.990271
0.926273
0.851058
0.996208
0.980432
0.932444
0.849871
0.978359
0.917081
0.979790
0.986983
0.894328
0.934296
0.951392
0.909943
0.910519
0.956223
0.931427
0.953080
0.970299
0.959422
0.981094
0.975704
0.941568
0.975304
0.949241
0.861417
0.936073
0.977725
0.780640
0.905844
0.953844
0.941457
0.902645
0.687810
0.896394
0.955074
0.959336
0.666442
0.932350
0.967448
0.413236
0.979585
0.945515
0.887349
0.954897
0.896989
0.702070
0.959445
0.963899
0.951602
0.787785
0.911353
0.907118
0.985419
0.970958
0.958051
0.893765
0.950756
0.791422
0.983538
0.978720
0.972091
0.989611
0.964158
0.941461
0.945200
0.951201
0.933569
0.971452
0.932249
0.968182
0.880728
0.945402
0.952125
0.883963
0.977621
0.884561
0.962586
0.959422
0.881488
0.935061
0.950517
0.934406
0.963127
0.954304
0.749260
0.893484
0.968094
0.960305
0.933514
0.963521
0.900504
0.964345
0.927328
0.934083
0.947322
0.911354
0.776147
0.945815
0.711816
0.942312
0.874503
0.961533
0.901287
0.982523
0.952977
0.944235
0.918446
0.973841
0.880875
0.948727
0.947411
0.927734
0.980583
0.966539
0.961738
0.974006
0.971640
0.807711
0.990110
0.867116
0.517705
0.978476
0.968547
0.868534
0.983064
0.924359
0.914192
0.969825
0.857296
0.203321
0.985984
0.942181
0.883635
0.978980
0.768198
0.922789
0.986387
0.920036
0.928712
0.983481
0.969848
0.930216
0.981651
0.947554
0.798060
0.976291
0.939613
0.960743
0.968797
0.890356
0.894940
0.950082
0.946201
0.984945
0.954893
0.967920
0.937224
0.976414
0.928426
0.912583
0.954761
0.972892
0.949983
0.943550
0.952816
0.948146
0.948920
0.864970
0.908447
0.772436
0.969557
0.670665
0.806486
0.933757
0.936500
0.962638
0.962378
0.950750
0.976152
0.963854
0.444914
0.973033
0.968070
0.947795
0.847768
0.944050
0.938837
0.978689
0.958080
0.979488
0.938466
0.975169
0.846897
0.962525
0.865881
0.958584
0.949341
0.897571
0.765705
0.978299
0.985740
0.837279
0.962800
0.818259
0.977686
0.952756
0.979501
0.904333
0.814402
0.919298
0.845098
0.933045
0.943102
0.841644
0.954977
0.974852
0.836703
0.970502
0.979030
0.918411
0.929959
0.874711
0.857923
0.950388
0.955235
0.929381
0.944502
0.930598
0.930123
0.958301
0.975539
0.909279
0.919338
0.868072
0.916591
0.948351
0.945764
0.969797
0.966192
0.945403
0.846632
0.969230
0.899079
0.871600
0.887194
0.936889
0.889685
0.957211
0.961554
0.904636
0.971025
0.941960
0.920511
0.948787
0.957635
0.970788
0.891674
0.988713
0.927995
0.923797
0.833100
0.929666
0.898277
0.960655
0.909906
0.820722
0.954592
0.771313
0.974124
0.926242
0.870918
0.978495
0.779100
0.776390
0.964434
0.958579
0.941247
0.983242
0.956991
0.833675
0.972401
0.959804
-0.561323
0.898082
0.726400
0.864800
0.954166
0.942053
0.859988
0.906302
0.961812
0.912681
0.936828
0.984453
0.907845
0.985023
0.984310
0.973614
0.953813
0.915482
0.851563
0.975836
0.846434
0.867518
0.952298
0.974325
0.913137
0.954310
0.952616
0.833769
0.959507
0.982794
0.902871
0.857172
0.902219
0.953395
0.849104
0.952619
0.917825
0.740843
0.964483
0.743385
0.878302
0.909162
0.931575
0.815666
0.978185
0.973962
0.935563
0.986315
0.959617
0.871076
0.957517
0.764906
0.944722
0.960032
0.932938
0.906337
0.711097
0.977300
0.926907
0.937673
0.965848
0.986848
0.926834
0.952749
0.970588
0.415540
0.901657
0.972814
0.911306
0.950450
0.954408
0.902277
0.942217
0.969175
0.976653
0.914839
0.742605
0.938780
0.940086
0.835079
0.940191
0.958688
0.962394
0.928004
0.782319
0.970834
0.968977
0.920326
0.905097
0.974790
0.945800
0.989539
0.932936
0.930062
0.988883
0.938110
0.912801
0.977311
0.897278
0.981700
0.923544
0.871034
0.799857
0.913825
0.975373
0.847445
0.967286
0.948826
0.900378
0.976603
0.982143
0.942802
0.959120
0.929176
0.964790
0.983032
0.977121
0.926817
0.950561
0.910145
0.953005
0.975258
0.920763
0.978661
0.930966
0.937176
0.859219
0.947566
0.960343
0.954418
0.946071
0.954724
0.963938
0.968874
0.901973
0.849140
0.974186
0.942016
0.892598
0.974720
0.908527
0.847854
0.971692
0.784513
0.338718
0.916154
0.963762
0.887661
0.948094
0.899599
0.909142
0.903612
0.961344
0.941280
0.900900
0.890520
0.938655
0.970813
0.799809
0.933861
0.981780
0.941311
0.969247
0.943598
0.850059
0.868267
0.933116
0.953185
0.553931
0.992136
-0.740622
0.891440
0.969235
0.812367
0.964460
0.934310
0.865528
0.890999
-0.058015
0.971783
0.932548
0.925301
0.657799
0.950648
0.911185
0.882150
0.943125
0.958563
0.971993
0.953452
0.969589
0.958920
0.867280
0.951116
0.966054
0.865269
0.964913
0.971581
0.965454
0.980631
0.950343
0.865680
0.938479
0.979678
0.951037
0.420880
0.859459
0.942762
0.981605
0.946249
0.918402
0.966648
0.869375
0.972410
0.986975
0.925940
0.969057
0.962950
0.977667
0.856846
0.837048
0.963633
0.937820
0.919688
0.978538
0.958985
0.951359
0.964918
0.935367
0.970197
0.954907
0.798807
0.991010
0.983958
-0.560121
0.946424
0.874366
0.956889
0.981514
0.949164
0.885789
0.977654
0.970312
0.923190
0.901824
0.941746
0.985887
0.978923
0.864704
0.647474
0.962298
0.972079
0.958977
0.973516
0.950158
0.869842
0.975847
0.875052
0.938734
0.940850
0.968722
0.919045
0.950089
0.974461
0.909531
0.725201
0.987574
0.754959
0.633980
0.899572
0.912734
0.938574
0.944284
0.954002
0.983887
0.774751
0.778404
0.973997
0.954144
0.877314
0.966201
0.954767
0.946321
0.976366
0.958378
0.770369
0.955702
0.951364
0.641411
0.992480
0.985371
0.917631
0.871221
0.942001
0.897539
0.991053
0.892011
0.852328
0.968630
0.962883
0.954409
0.985081
0.954878
0.963020
0.924953
0.969812
0.972532
0.396865
0.894362
0.934879
0.940890
0.960298
0.977896
0.984774
0.960642
0.910333
0.991713
0.956754
0.906983
0.789117
0.975722
0.913499
0.847855
0.950958
0.511277
0.989957
0.954673
0.962587
0.980974
0.968383
0.848678
0.833292
0.963323
0.947704
0.902318
0.953308
0.975947
0.972071
0.964655
0.897641
0.861939
0.939805
0.919302
0.926898
0.975431
0.857647
0.983272
0.955808
0.916552
0.791036
0.969202
0.960616
0.828492
0.928002
0.926917
0.977429
0.976367
0.875331
0.844201
0.978310
0.613225
0.784233
0.965204
0.848311
0.938868
0.957109
0.964683
0.928822
0.861982
0.953740
0.992773
0.984548
0.940347
0.965316
0.909398
0.940978
0.753005
0.873663
0.958028
0.925913
0.965040
0.676471
0.953283
0.987964
0.925161
0.973448
0.947501
0.841624
0.983217
0.895568
0.620097
0.942368
0.920894
0.962485
0.948119
0.965744
0.945063
0.979172
0.920435
0.889724
0.874719
0.978495
0.955854
0.971958
0.902437
0.934258
0.977107
0.909525
0.454639
0.907307
0.944586
0.965814
0.869594
0.938150
0.935693
0.962234
0.948640
0.954124
0.993662
0.971065
0.847664
0.948857
0.958106
0.929916
0.992626
0.903569
0.927660
0.976916
0.982911
0.902315
0.958245
0.921589
0.845490
0.950331
0.964274
0.865231
0.952740
0.983898
0.906995
0.933436
0.871898
0.974294
0.925565
0.913064
0.946811
0.941334
0.968860
0.941896
0.899660
0.929281
0.959778
0.970943
0.965979
0.930350
0.975327
0.966543
0.971332
0.962854
0.931172
0.957974
0.907802
0.907785
0.833080
0.940754
0.939763
0.912319
0.838020
0.961830
0.939464
0.924936
0.622180
0.837467
0.985306
0.858383
0.970914
0.944846
0.978362
0.619211
0.975739
0.926022
0.954867
0.948681
0.949342
0.748856
0.943492
0.935669
0.924180
0.973987
0.982710
0.906833
0.599370
0.927485
0.974369
0.937591
0.959029
0.977950
0.970227
0.987797
0.866260
0.975391
0.972775
0.608748
0.961424
0.896057
0.456539
0.913282
0.940664
0.954146
0.965410
0.975294
0.859330
0.926887
0.921806
0.976537
0.949991
0.953009
0.919544
0.944344
0.971326
0.950511
0.981688
0.929096
0.927857
0.982920
0.891750
0.827821
0.915028
0.870004
0.966534
0.955580
0.969091
0.892157
0.959969
0.910606
0.915669
0.957167
0.945658
0.963568
0.931787
0.969417
0.803842
0.966847
0.921699
0.913997
0.910351
0.924555
0.963004
0.919111
0.981932
0.930614
0.918756
0.905323
0.959931
0.958325
0.944227
0.895445
0.990958
0.903181
0.915741
0.978578
0.934403
0.964885
0.970206
0.832444
0.896320
0.963961
0.958267
0.761078
0.972039
0.981140
0.890953
0.903043
0.949448
0.892693
0.975011
0.948028
0.944745
0.891052
0.942071
0.956281
0.978866
0.903327
0.961865
0.915346
0.733337
0.831758
0.908999
0.976513
0.975879
0.987826
0.889649
0.928291
0.975607
0.936034
0.749404
0.771900
0.983983
0.869900
0.888712
0.939120
0.305840
0.972068
0.880119
0.941501
0.930873
0.973012
0.946475
0.976339
0.973559
0.914592
0.892460
0.976346
0.925414
0.986430
0.850341
0.820558
0.938990
0.948207
0.855437
0.935063
0.985390
0.926578
0.969568
0.986688
0.878334
0.918077
0.972711
0.976212
0.968431
0.953112
0.943038
0.971506
0.845958
0.943333
0.973006
0.961072
0.938831
0.879087
0.922322
0.879565
0.954880
0.966104
0.776894
0.854533
0.972793
0.917237
0.888474
0.947093
0.914543
0.958079
0.937113
0.871090
0.905694
0.984227
0.538625
0.965050
0.941603
0.911736
0.953531
0.911036
0.814475
0.964337
0.968995
0.686440
0.949633
0.989996
0.945471
0.868228
0.930855
0.885551
0.975866
0.966891
0.946017
0.730015
0.005448
0.907749
0.880035
0.970155
0.863318
0.929465
0.972592
0.941484
0.951242
0.980661
0.941797
0.859322
0.953851
0.855280
0.975997
0.872571
0.905641
0.908713
0.900064
0.970151
0.979029
0.902950
0.773940
0.823840
0.956045
0.911620
0.898953
0.927891
0.914304
0.991838
0.971830
0.961655
0.980525
0.951619
0.922429
0.839207
0.858198
0.735214
0.953559
0.951501
0.969547
0.926259
0.933077
0.837257
0.967697
0.922233
0.636477
0.970192
0.933180
0.957863
0.976511
0.951122
0.945480
0.966389
0.932493
0.926258
0.900581
0.964074
0.935941
0.930602
0.953222
0.917215
0.757799
0.930538
0.911602
0.989206
0.965076
0.959729
0.978752
0.871337
0.968921
0.967761
0.972641
0.938818
0.895071
0.947978
0.955988
0.910968
0.924886
0.835794
0.979626
0.849048
0.937962
0.941119
0.901429
0.854593
0.918430
0.920621
0.938594
0.975925
0.972577
0.901374
0.957399
0.938483
0.464881
0.984357
0.935419
0.934553
0.679370
0.919299
0.961950
0.628143
0.947820
0.915605
0.962929
0.929654
0.974828
0.965669
0.760016
0.851220
0.721899
0.948205
0.902226
0.907155
0.927301
0.887080
0.895127
0.977997
0.937950
0.752271
0.957032
0.834591
0.977964
0.935382
0.958640
0.203577
0.976972
0.945497
0.864744
0.919988
0.916969
0.930417
0.979794
0.923161
0.872894
0.977659
0.977896
0.960094
0.941903
0.960008
0.938787
0.966565
0.965820
0.979774
0.964035
0.867291
0.913700
0.873664
0.955479
0.946194
0.905968
0.969887
0.981845
0.970350
0.974791
0.211432
0.954966
0.775432
0.884687
0.950142
0.952120
0.934629
0.907866
0.748749
0.963319
0.925619
0.925590
0.929757
0.875800
0.923577
0.960909
0.959577
0.810466
0.921495
0.964456
0.957832
0.974222
0.905453
0.936779
0.966463
0.980275
0.933144
0.974252
0.985885
0.801077
0.950359
0.972130
0.714902
0.962439
0.843168
0.926815
0.897967
0.962558
0.925348
0.978649
0.914882
0.941025
0.945665
0.830169
0.800171
0.993140
0.955936
0.900554
0.938266
0.928816
0.802072
0.983394
0.976560
0.878339
0.984291
0.944108
0.351650
0.946327
0.976375
0.755393
0.988677
0.969800
0.298001
0.886893
0.963439
0.913046
0.953911
0.905257
0.954294
0.956975
0.907803
0.841241
0.926004
0.961556
0.923424
0.986634
0.947186
0.959651
0.928687
0.949968
0.881045
0.972559
0.900515
0.939961
0.966140
0.762831
0.940336
0.966572
0.986426
0.936937
0.966627
0.956840
0.943368
0.939751
0.948208
0.711567
0.950949
0.982071
0.945314
0.978200
0.960115
0.855266
0.966984
0.982240
0.949083
0.964248
0.967637
0.938799
0.974731
0.973516
0.967474
0.952555
0.896016
0.978102
0.942663
0.978223
0.673188
0.953360
0.915386
0.957224
0.932026
0.938164
0.958817
0.975437
0.857805
0.971141
0.977600
0.848657
0.961348
0.887960
0.956258
0.570976
0.906871
0.969349
0.877470
0.874967
0.931795
0.829148
0.968046
0.961858
0.904207
0.889961
0.904873
-0.524197
0.979467
0.955452
0.904214
0.947794
0.965206
0.970700
0.985454
0.572001
0.882265
0.966659
0.933322
0.759676
0.925438
0.944642
0.927820
0.954349
0.965151
0.930582
0.957391
0.952793
0.918148
0.970126
0.966651
0.947144
0.943943
0.976936
0.485386
0.943763
0.839808
0.949095
0.975846
0.981995
0.890955
0.830295
0.960223
0.912781
0.980019
0.982785
0.860368
0.960790
0.807827
0.900443
0.978089
0.904195
0.868609
0.937043
0.947142
0.920539
0.746793
0.979792
0.966309
0.935244
0.971621
0.962055
0.991450
0.973003
0.821141
0.957106
0.914866
0.836758
0.972096
0.958149
0.904013
0.982304
0.963778
0.786216
0.939935
0.987959
0.981450
0.983036
0.950882
0.936512
0.958522
0.951728
0.896099
0.604885
0.944875
0.947024
0.980653
0.957614
0.899808
0.980958
0.957558
0.924219
0.875327
0.971268
0.989421
0.946871
0.952764
0.881920
0.985922
0.971805
0.926936
0.799623
0.960317
0.700390
0.729989
0.983525
0.898233
0.914413
0.894903
0.943285
0.985167
0.878488
0.887049
0.766706
0.963669
0.920833
0.969543
0.985880
0.964585
0.950561
0.964851
0.940806
0.967241
0.972908
0.959935
0.728758
0.954091
0.957204
0.929690
0.957897
0.945614
0.867889
0.983344
0.816079
0.990975
0.940115
0.968929
0.939367
0.934182
0.958169
0.967322
0.965511
0.911398
0.932605
0.974430
0.951740
0.928829
0.965867
0.976177
0.929154
0.972042
0.902970
0.853099
0.969093
0.979153
0.969161
0.871367
0.626556
0.947734
0.967028
0.603894
0.980585
0.807351
0.865456
0.950006
0.975135
0.939878
0.955418
0.955580
0.952401
0.933473
0.948011
0.885494
0.969052
0.973591
0.637033
0.949568
0.942977
0.949932
0.987371
0.962276
0.911393
0.930409
0.929942
0.913188
0.850213
0.961587
0.875792
0.964138
0.972552
0.950829
0.885045
0.967761
0.954572
0.953949
0.978167
0.930697
0.966636
0.968788
0.873586
0.982489
0.986467
0.908038
0.972737
0.971866
0.747815
0.967263
0.920743
0.953974
0.992162
0.947268
0.927109
0.920118
0.985796
0.963016
0.977272
0.590999
0.969289
0.970395
0.969395
0.855598
0.968578
0.948932
0.958890
0.896980
0.859817
0.960734
0.918778
0.954298
0.735517
0.980180
0.946672
0.973034
0.929521
0.946914
0.925375
0.962936
0.983055
0.886161
0.956702
0.945250
0.925130
0.728561
0.960926
0.881423
0.939305
0.966821
0.846683
0.907439
0.971307
0.869140
0.952301
0.954244
0.938193
0.974850
0.981423
0.895672
0.926761
0.964397
0.979233
0.960767
0.982376
0.901934
0.873832
0.984708
0.646599
0.966914
0.953265
0.911652
0.992548
0.974253
0.739464
0.989709
0.987882
0.928844
0.934678
0.939174
0.905625
0.951664
0.982722
0.880704
0.965302
0.431305
0.958428
0.851602
0.930795
0.815291
0.950019
0.889225
0.901848
0.987946
0.883854
0.926833
0.684758
0.950999
0.796678
0.971836
0.958952
0.717342
0.992636
0.990290
0.806599
0.955938
0.976063
0.742655
0.959559
0.958108
0.831469
0.952912
0.950498
0.841133
0.976084
0.957529
0.947179
0.960979
0.934663
0.787358
0.964849
0.829972
0.946645
0.977052
0.880120
0.889531
0.877807
0.975699
0.978924
0.675740
0.875142
0.947228
0.988538
0.984450
0.848050
0.925926
0.952460
0.891704
0.899081
0.924769
0.920631
0.928625
0.972390
0.905275
0.955190
0.946921
0.959337
0.955226
0.964796
0.979290
0.878615
0.958892
0.953011
0.975948
0.954549
0.902630
0.722363
0.932504
0.775803
0.900084
0.969334
0.822674
0.712990
0.948506
0.939014
0.961161
0.922635
0.933652
0.928835
0.929118
0.885231
0.964793
0.602944
0.615562
0.974268
0.869021
0.874565
0.972490
0.871272
0.831411
0.976540
0.967522
0.896214
0.959456
0.926036
0.915218
0.936417
0.966677
0.897586
0.919576
0.922280
0.886651
0.949660
0.920972
0.943048
0.974462
0.884317
0.934068
0.942064
0.978750
0.921491
0.966745
0.967986
0.962165
0.861389
0.974323
0.921481
0.982456
0.983924
0.950077
0.533832
0.965119
0.801824
0.981813
0.884908
0.891369
0.990471
0.983376
0.816377
0.972940
0.977512
0.888149
0.978390
0.978702
0.784303
0.944081
0.935779
0.821230
0.964970
0.968805
0.957439
0.969852
0.916698
0.926059
0.965713
0.879839
0.958010
0.934956
0.971360
0.960247
0.971438
0.931448
0.977671
0.991450
0.953675
0.878600
0.974498
0.951040
0.869485
0.937457
0.972818
0.967984
0.959580
0.956512
0.941025
0.851003
0.816203
0.918981
0.965962
0.876357
0.835292
0.969669
0.976988
0.969996
0.938445
0.953858
0.893976
0.969409
0.972311
0.946141
0.964026
0.986011
0.923072
0.831600
0.840379
0.779467
0.956347
0.975409
0.935680
0.982030
0.759928
0.935493
0.974715
0.966502
0.922899
0.989752
0.853287
0.646553
0.921381
0.968565
0.979678
0.913073
0.896944
0.937670
0.877198
0.907859
0.907621
0.949230
0.982124
0.944808
0.880613
0.976948
0.939434
0.948661
0.949112
0.896567
0.971554
0.959503
0.887674
0.815380
0.947486
0.925510
0.959655
0.876860
0.968203
0.963016
0.902866
0.957310
0.965327
0.824137
0.888994
0.955053
0.976966
0.944302
0.923197
0.960300
0.955003
0.917238
0.913077
0.962222
0.917209
0.923380
0.889699
0.624336
0.920585
0.980571
0.982453
0.966106
0.939242
0.857228
0.961538
0.883323
0.899106
0.962023
0.939439
0.956087
0.967829
0.931531
0.942589
0.949735
0.875896
0.977512
0.953959
0.864030
0.956148
0.867312
0.941492
0.851194
0.983664
0.881873
0.869197
0.912564
0.651787
0.904983
0.983906
0.958082
0.970281
0.954426
0.919230
0.962250
0.926406
0.901683
0.889231
0.948353
0.925320
0.939331
0.967536
0.812236
0.891731
0.840683
0.868122
0.959821
0.962329
0.955317
0.973291
0.784445
0.921471
0.985502
0.985056
0.926151
0.881035
0.795877
0.967497
0.954888
0.994676
0.897393
0.631214
0.869475
0.872501
0.893304
0.962449
0.935253
0.976385
0.978554
0.871802
0.974920
0.962142
0.724867
0.832964
0.940595
0.934273
0.964010
0.937369
0.857064
0.975405
0.970754
0.955025
0.976149
0.903849
0.977758
0.847057
0.960597
0.710286
0.885921
0.945095
0.929273
0.986780
0.958455
0.948708
0.983034
0.958182
0.886467
0.927788
0.917920
0.879771
0.953128
0.946166
0.961236
0.868160
0.981873
0.936565
0.973728
0.970950
0.905696
0.981216
0.967840
-3.912035
0.979604
0.939792
0.918960
0.980574
0.857145
0.965453
0.941547
0.913513
0.918519
0.925102
0.950941
0.731143
0.968489
0.944633
0.826861
0.965127
0.964998
0.854907
0.944885
0.961175
0.931872
0.896421
0.947568
0.903897
0.948894
0.986777
0.956691
0.927997
0.981632
0.914705
0.954703
0.971998
0.879470
0.914566
0.811720
0.875624
0.877845
0.920227
0.938356
0.879401
0.979657
0.956384
0.366324
0.889940
0.908496
0.919952
0.882532
0.787615
0.975797
0.948491
0.879901
0.871747
0.962625
0.959776
0.919509
0.971395
0.947533
0.939613
0.906043
0.935267
0.912417
0.977129
0.932519
0.959963
0.962171
0.934993
0.988914
0.963465
0.759151
0.911861
0.964551
0.934309
0.942212
0.965438
0.979272
0.945185
0.961498
0.926555
0.991270
0.981086
0.943054
0.977594
0.902258
0.963018
0.925646
0.950654
0.917450
0.292152
0.979434
0.926061
0.892776
0.849664
0.967051
0.976586
0.904336
0.956782
0.988186
0.941187
0.918695
0.982679
0.935929
0.931859
0.941016
0.916232
0.943907
0.921885
0.955298
0.960473
0.891486
0.938709
0.963521
0.970824
0.971579
0.915080
0.993090
0.961399
0.934194
0.967268
0.921573
0.919784
0.955303
0.913160
0.978597
0.989140
0.947775
0.492805
0.996754
0.968271
0.930589
0.968895
0.979145
0.653219
0.960548
0.962796
0.974266
0.927201
0.926950
0.819841
0.975994
0.970517
0.943509
0.975850
0.958012
0.974155
0.932136
0.957268
0.905844
0.596059
0.700083
0.935133
0.968794
0.981385
0.810812
0.969988
0.963723
0.867025
0.983910
0.949326
0.830399
0.977867
0.968051
0.965222
0.884298
0.904594
0.854776
0.848145
0.946285
0.796794
0.809484
0.969901
0.890373
0.934275
0.928683
0.949089
0.992411
0.944782
0.909024
0.968791
0.929937
0.853508
0.985614
0.934572
0.892903
0.970462
0.962610
0.936665
0.982209
0.983327
0.881580
0.966415
0.888127
0.938281
0.839601
0.957538
0.956793
0.973149
0.924701
0.934927
0.976677
0.879242
0.885537
0.862041
0.977245
0.968820
0.946198
0.890319
0.935595
0.937322
0.940958
0.975365
0.974766
0.897057
0.889607
0.984262
0.918412
0.917269
0.870686
0.978168
0.930663
0.976602
0.819725
0.913447
0.953925
0.978470
0.912022
0.914670
0.908211
0.866602
0.928708
0.959296
0.953257
0.970576
0.977868
0.854729
0.231032
0.967716
0.846758
0.969540
0.948566
0.785004
0.885179
0.942109
0.559707
0.976037
0.963876
0.855315
0.956968
0.852416
0.891877
0.954075
0.920668
0.909700
0.810352
0.962868
0.951573
0.988205
0.946477
0.953152
0.971606
0.947344
0.974147
0.986019
0.970119
0.960362
0.918619
0.912617
0.800400
0.937791
0.894515
0.980923
0.991168
0.903707
0.925290
0.943679
0.957216
0.957847
0.927073
0.941960
0.925906
0.957360
0.982846
0.865395
0.984774
0.502997
0.959798
0.972983
0.987267
0.961142
0.980119
0.967990
-0.473523
0.933536
0.936537
0.935093
0.862568
0.973058
0.987796
0.872433
0.974486
0.966720
0.944473
0.911901
0.894096
0.938799
0.947985
0.850706
0.911542
0.971868
0.967774
0.947657
0.362310
0.936356
0.990879
0.979825
0.959317
0.945549
0.966647
0.935377
0.967388
0.940086
0.905108
0.977005
0.938789
0.940591
0.877469
0.851993
0.904559
0.927663
0.899668
0.917433
0.932184
0.972664
0.880385
0.974009
0.941975
0.641507
0.967806
0.965661
0.980070
0.974553
0.907755
0.921007
0.952235
0.964212
0.957076
0.978423
0.965580
0.916051
0.986571
0.923352
0.976112
0.938735
0.860767
0.917998
0.967222
0.987350
0.957430
0.871102
0.984655
0.922230
0.937571
0.953830
0.949338
0.961829
0.988286
0.905073
0.958191
0.982621
0.947848
0.975118
0.952081
0.927298
0.984653
0.917328
0.812417
0.937964
0.952544
0.726963
0.889028
0.917929
0.850531
0.884892
0.974642
0.899730
0.959968
0.959209
0.963473
0.972281
0.967212
0.948613
0.991060
0.946350
0.922645
0.977735
0.972497
0.889179
0.898928
0.927786
0.944000
0.985470
0.768663
0.876761
0.961230
0.966137
0.929847
0.976413
0.981106
0.930116
0.978792
0.965651
0.888217
0.911743
0.965039
0.822312
0.966794
0.925350
0.951881
0.946400
0.969054
0.973910
0.722115
0.984312
0.955952
0.937029
0.950141
0.932449
0.968296
0.901143
0.941230
0.881843
0.967917
0.733365
0.987620
0.964739
0.939170
0.933735
0.968030
0.930754
0.921678
0.942800
0.934455
0.811676
0.988293
0.700089
0.963462
0.970209
0.698660
0.940257
0.904465
0.655564
0.838706
0.970307
0.975138
0.984451
0.985490
0.961444
0.832543
0.963009
0.937218
0.965067
0.930807
0.924840
0.984321
0.982350
0.832035
0.879025
0.962801
0.959396
0.912131
0.979404
0.967980
0.946173
0.975165
0.951418
0.880498
0.906519
0.876596
0.928787
0.931744
0.945056
0.965269
0.971810
0.887719
0.968330
0.959136
0.933045
0.962017
0.988950
0.903929
0.913740
0.960962
0.822949
0.976680
0.962344
0.983564
0.991471
0.962733
0.845116
0.827002
0.954928
0.884871
0.982054
0.938566
-0.078676
0.984174
0.982511
0.840215
0.984582
0.957994
0.958238
0.862190
0.958904
0.951105
0.969823
0.938981
0.941128
0.900626
0.982869
0.932165
0.986748
0.960335
0.674938
0.704346
0.973147
0.345189
0.979170
0.201488
0.941450
0.955787
0.863823
0.935799
0.908018
0.845791
0.896039
0.946743
0.933867
0.897030
0.974279
0.955729
0.937429
0.927300
0.968099
0.770195
0.932620
0.979233
0.945462
0.974839
0.787941
0.973603
0.677797
0.634008
0.970039
0.966827
0.984150
0.688076
0.709563
0.903118
0.920911
0.966655
0.974300
0.893724
0.956687
0.963577
0.788383
0.963365
0.910227
0.950643
0.975205
0.951145
0.921501
0.975899
0.933398
0.960389
0.970201
0.954321
0.931305
0.913581
0.879223
0.936483
0.752468
0.989912
0.837620
0.968548
0.958728
0.985262
0.931269
0.963869
0.946626
0.983472
0.769604
0.933675
0.789301
0.973811
0.861244
0.981344
0.978885
0.946773
0.982210
0.982807
0.935593
0.949019
0.956158
0.933311
0.946388
0.954041
0.962079
0.981440
0.977765
0.962483
0.989507
0.937973
0.863598
0.933901
0.961163
0.449485
0.922586
0.964083
0.975691
0.967081
0.958039
0.938772
0.984387
0.952290
0.925867
0.926796
0.906274
0.942253
0.968171
0.977386
0.902164
0.913636
0.972209
0.909061
0.688379
0.955514
0.647030
0.888656
0.767855
0.825239
0.958312
0.985434
0.976367
0.978020
0.984516
0.926154
0.954910
0.979832
0.959279
0.978313
0.924354
0.763760
0.971443
0.959399
0.940840
0.969503
0.989810
0.881940
0.914697
0.980585
0.734799
0.660145
0.969389
0.756789
0.983622
0.927654
0.853117
0.094019
0.935986
0.930291
0.980551
0.967850
0.935950
0.956346
0.876138
0.941071
0.921670
0.975402
0.987170
0.979236
0.935637
0.856868
0.967687
0.951088
0.926921
0.939238
0.984960
0.911157
0.922871
0.975246
0.926027
0.810896
0.892460
0.942074
0.981492
0.990619
0.968072
0.954672
0.930527
0.962085
0.967854
0.978445
0.687504
0.971303
0.746237
0.959230
0.971883
0.950315
0.655147
0.930975
0.905571
0.946351
0.969592
0.975051
0.939562
0.975540
0.966836
0.732360
0.899262
0.789061
0.894733
0.980345
0.966067
0.960122
0.974917
0.955962
0.955255
0.887788
0.939263
0.912167
0.957507
0.956105
0.958699
0.926661
0.960425
0.745069
0.941616
0.971670
0.686834
0.936893
0.967233
0.903040
0.979355
0.922528
0.981470
0.969102
0.977967
0.982606
0.944373
0.980933
0.894883
0.989551
0.895240
0.941761
0.971276
0.952598
0.958899
0.959095
0.990049
0.894616
0.963411
0.957176
0.959083
0.971408
0.924438
0.885736
0.959993
0.988103
0.869579
0.969446
0.909793
0.899184
0.942310
0.970723
0.973530
0.940554
0.956615
0.939281
0.934148
0.888773
0.858272
0.927997
0.713598
0.972377
0.867028
0.959462
0.958503
0.976790
0.981788
0.907916
0.969984
0.962825
0.894969
0.970544
0.790956
0.961231
0.427532
0.840656
0.889183
0.937199
0.987444
0.958417
0.857619
0.953048
0.948607
0.881041
0.967065
0.913400
0.957586
0.975508
0.935404
0.953434
0.959530
0.907982
0.955830
0.977643
0.866501
0.949320
0.952023
0.895673
0.971807
0.981630
0.966424
0.965924
0.915027
0.813294
0.965061
0.975082
0.950333
0.903503
0.694667
0.836791
0.964307
0.932898
0.853369
0.961805
0.977154
0.818259
0.970529
0.961486
0.940301
0.940466
0.963766
0.947363
0.895070
0.965017
0.915216
0.971607
0.953225
0.868489
0.956889
0.942187
0.896995
0.973929
0.953881
0.908465
0.948321
0.881234
0.965713
0.956596
0.925422
0.965035
0.977168
0.978906
0.593260
0.981030
0.982507
0.882185
0.937600
0.966275
0.951045
0.965122
0.979446
0.943487
0.970072
0.980260
0.961437
0.909277
0.940657
0.939298
0.980336
0.969469
0.919662
0.956858
0.953766
0.882895
0.961269
0.941004
0.926675
0.923655
0.986146
0.950778
0.921683
0.952334
0.880939
0.982007
0.980538
0.945672
0.862814
0.937025
0.917145
0.976845
0.774441
0.974333
0.931646
0.963552
0.897688
0.863613
0.969756
0.907199
0.970711
0.953393
0.857048
0.981614
0.937477
0.851407
0.824192
0.971764
0.918240
0.948400
0.976858
0.867672
0.963613
0.990341
0.897726
0.966634
0.900323
0.927489
0.955051
0.875787
0.940043
0.984662
0.939822
0.956896
0.977709
0.978114
0.909262
0.970529
0.978114
0.959804
0.979444
0.847116
0.970746
0.749550
0.977001
0.924504
0.971549
0.970176
0.919623
0.954432
0.976818
0.964542
0.810380
0.991025
0.927406
0.971037
0.927914
0.924066
0.984081
0.978440
0.947202
0.981440
0.951433
0.932516
0.926126
0.962647
0.575374
0.951509
0.930458
0.638379
0.796952
0.951903
0.848314
0.973451
0.845358
0.974223
0.966799
0.875193
0.939369
0.980038
0.624119
0.918915
0.959039
0.963580
0.880032
0.977946
0.958120
0.879355
0.830372
0.939874
0.950069
0.977013
0.971452
0.762890
0.748888
0.955820
0.941711
0.942017
0.894240
0.951044
0.936128
0.973896
0.319866
0.976459
0.978584
0.857351
0.958389
0.972489
0.977102
0.992777
0.966690
0.960467
0.911588
0.906791
0.910241
0.959780
0.958525
0.903788
0.914518
0.925207
0.899594
0.916960
0.964385
0.872199
0.916034
0.977989
0.204718
0.985863
0.933377
0.893317
0.949396
0.972654
0.972861
0.990294
0.971609
0.880333
0.954147
0.933827
0.954298
0.258612
0.969514
0.890379
0.988820
0.872758
0.930486
0.955309
0.968068
0.813261
0.968166
0.951392
0.887611
0.969164
0.963357
0.834640
0.967171
0.982291
0.944032
0.966044
0.929414
0.858220
0.953584
0.964031
0.946450
0.948805
0.974166
0.857577
0.920813
0.934399
0.902685
0.768990
0.207302
0.708447
0.900523
0.964740
0.942911
0.973669
0.975670
0.891065
0.860062
0.913268
0.957426
0.890336
0.975908
0.959530
0.954760
0.929040
0.978556
0.975991
0.939981
0.651462
0.981535
0.916748
0.918853
0.960842
0.963611
0.944186
0.819080
0.962983
0.916016
0.913292
0.938356
0.930462
0.672632
0.951113
0.956608
0.930146
0.947008
0.946438
0.976774
0.965642
0.958977
0.974819
0.989517
0.806450
0.897328
0.929814
0.920283
0.911341
0.879755
0.932984
0.972166
0.946587
0.956751
0.954646
0.926548
0.944521
0.973609
0.839259
0.858774
0.981069
0.973108
0.943693
0.993842
0.937618
0.939406
0.969616
0.932460
0.885392
0.905706
0.944671
0.895786
0.970144
0.917010
0.807814
0.974422
0.932813
0.896393
0.690093
0.952203
0.703987
0.880082
0.904461
0.705754
0.885147
0.526592
0.935208
0.970216
0.973614
0.981835
0.978967
0.966303
0.698401
0.855155
0.903640
0.959853
0.984362
0.987261
0.952895
0.908211
0.945315
0.563031
0.989606
0.951299
0.872164
0.844594
0.968999
0.900705
0.934710
0.859123
0.871141
0.698217
0.982183
0.919429
0.871943
0.976018
0.900249
-0.328907
0.786026
0.964712
0.928659
0.953757
0.945158
0.982546
0.961320
0.818972
0.981746
0.973875
0.932613
0.991514
0.960344
0.946338
0.968797
0.982403
0.830330
0.930127
0.941154
0.969447
0.976427
0.970281
0.872574
0.837236
0.961538
0.945608
0.951935
0.940821
0.969203
0.964759
0.907488
0.974223
0.905201
0.942820
0.925038
0.982064
0.967557
0.943582
0.958787
0.822053
0.932651
0.834091
0.775868
0.935140
0.926381
0.966093
0.941215
0.962164
0.966601
0.881141
0.906307
0.951690
0.850531
0.979298
0.970357
0.942658
0.903692
0.988252
0.916415
0.980786
0.861831
0.949879
0.929225
0.896210
0.866610
0.863068
0.866187
0.271232
0.990774
0.979591
0.709580
0.954092
0.976677
0.938669
0.986458
0.897568
0.974582
0.938870
0.678163
0.931450
0.983827
0.979849
0.943767
0.976340
0.883908
0.834649
0.981117
0.940335
0.956320
0.937239
0.961179
0.920090
0.952099
0.958880
0.931716
0.938603
0.887315
0.884050
0.978184
0.959913
0.904069
0.944941
0.945818
0.936797
0.971990
0.609619
0.946643
0.975339
0.870381
0.862323
0.963427
0.936438
0.965367
0.919210
0.980815
0.948493
0.985659
0.916721
0.944264
0.765749
0.934154
0.949950
0.916509
0.807605
0.977739
0.929205
0.908966
0.794181
0.980158
0.959517
0.939193
0.952065
0.970062
0.709060
0.945537
0.959092
0.986239
0.965750
0.968639
0.967362
0.970683
0.570508
0.958676
0.926416
0.670187
0.946067
0.913764
0.921718
0.925468
0.966141
0.936600
0.909182
0.943852
0.902785
0.930347
0.959722
0.902016
0.951589
0.898103
0.935048
0.707805
0.852463
0.959333
0.945814
0.941237
0.933090
0.945909
0.878996
0.977145
0.755129
0.968888
0.943175
0.944705
0.850342
0.947622
0.963075
0.976848
0.975231
0.644726
0.950946
0.974769
0.827742
0.938885
0.991069
0.749952
0.878748
0.900960
0.913013
0.872302
0.709530
0.920901
0.968914
0.978891
0.970564
0.984389
0.970807
0.817450
0.980763
0.910902
0.933672
0.876720
0.934236
0.800644
0.977124
0.973648
0.919076
0.964299
0.961152
0.951579
0.932505
0.943761
0.930737
0.897007
0.972961
0.909032
0.970245
0.957380
0.921028
0.969538
0.943225
0.867502
0.948577
0.925241
0.863801
0.962833
0.965402
0.873579
0.877691
0.972426
0.935397
0.858162
0.989708
0.879361
0.977998
0.966026
0.655005
0.937664
0.977945
0.773976
0.984815
0.914965
0.914301
0.920674
0.973627
0.843893
0.842063
0.927789
0.967925
0.918414
0.853125
0.888470
0.900477
0.978805
0.833035
0.949556
0.934447
0.883091
0.956120
0.961234
0.754361
0.957056
0.614554
0.839869
0.952674
0.987445
0.892920
0.989165
0.958615
0.883875
0.956701
0.942068
0.942564
0.956078
0.957361
0.899793
0.959849
0.918199
0.931119
0.944779
0.983001
0.942301
0.969636
0.967205
0.876925
0.917101
0.924955
0.835880
0.978280
0.981670
0.955232
0.969509
0.966614
0.929544
0.970104
0.991264
0.914276
0.878840
0.945689
0.943670
0.954665
0.943567
0.902408
0.908618
0.981358
0.890400
0.981966
0.979521
0.796839
0.845668
0.963823
0.897221
0.981137
0.921952
0.626589
0.961717
0.886707
0.886392
0.953102
0.952505
0.952195
0.353636
0.984405
0.945511
0.860386
0.947377
0.758199
0.971915
0.958790
0.938074
0.984177
0.978474
0.842237
0.757603
0.972627
0.640387
0.940483
0.944780
0.617180
0.966037
0.952712
0.755040
0.950486
0.970877
0.951285
0.938758
0.984917
0.962098
0.958838
0.767644
0.936268
0.786765
0.970366
0.961559
0.914377
0.978838
0.569213
0.935227
0.863485
0.852502
0.847953
0.952525
0.851896
0.744967
0.971804
0.781131
0.955525
0.970162
0.959125
0.983850
0.982291
0.876846
0.972820
0.979010
0.458842
0.937339
0.950739
0.796006
0.934872
0.969878
0.901713
0.983332
0.947783
0.761731
0.788975
0.981116
0.934152
0.968118
0.950714
0.953898
0.941409
0.979911
0.813261
0.777797
0.924663
0.953486
0.888267
0.971403
0.617354
0.947625
0.947166
0.812224
0.975521
0.961711
0.931611
0.981715
0.957921
0.859128
0.981419
0.953400
0.944249
0.946404
0.912518
0.943693
0.949733
0.958709
0.974251
0.967709
0.850912
0.922495
0.951280
0.866326
0.919916
0.955927
0.961682
0.949596
0.894107
0.964402
0.904420
0.952032
0.933162
0.609479
0.974635
0.924419
0.968384
0.964187
0.942260
0.937180
0.916427
0.960682
0.779107
0.965259
0.985405
0.553640
0.940120
0.919198
0.837573
0.912021
0.979297
0.938352
0.903760
0.903290
0.865726
0.985430
0.939989
0.947974
0.987678
0.912394
0.930241
0.926364
0.951022
0.902770
0.985823
0.948536
0.848601
0.851867
0.947402
0.881300
0.933032
0.957475
0.957516
0.966766
0.962577
0.937093
0.966974
0.985486
0.933574
0.927504
0.856923
0.927750
0.952497
0.970074
0.936445
0.967966
0.879355
0.957476
0.922329
0.951760
0.956664
0.855938
0.946663
0.897025
0.989323
0.885349
0.965300
0.896590
0.968323
0.931391
0.960543
0.725684
0.951595
0.943039
0.953829
0.930951
0.976924
0.965376
0.926977
0.888383
0.985549
0.903953
0.987135
0.843648
0.965252
0.936079
0.889114
0.940068
0.977097
0.939540
0.915149
0.926773
0.959664
0.910681
0.873816
0.987488
0.910197
0.873742
0.978049
0.920939
0.943232
0.876010
0.774369
0.971823
0.934803
0.970200
0.603177
0.987883
0.379404
0.952392
0.852357
0.877313
0.981389
0.923234
0.921859
0.970080
0.815534
0.919810
0.546110
0.888409
0.861209
0.967273
0.983721
0.899280
0.980921
0.926496
0.978600
0.947343
0.987696
0.956034
0.956077
0.983292
0.908284
0.965311
0.961935
0.844767
0.982237
0.941376
0.888757
0.936076
0.934562
0.729013
0.976338
0.948469
0.918652
0.945959
0.958673
0.890564
0.973920
0.979369
0.886966
0.975799
0.977818
0.899138
0.872161
0.964058
0.599488
0.944913
0.898795
0.920551
0.894499
0.885555
0.896134
0.982276
0.968371
0.969713
0.965276
0.963593
0.901356
0.960945
0.963401
0.924500
0.900696
0.877918
0.844700
0.968953
0.923610
0.934196
0.970867
0.979545
0.708399
0.926761
0.966771
0.948080
0.971307
0.991965
0.970419
0.937859
0.860893
0.979195
0.966730
0.990746
0.906449
0.978309
0.964749
0.799125
0.926768
0.986767
0.936038
0.976836
0.927056
0.971046
0.804125
0.980854
0.878088
0.731545
0.973587
0.959040
0.596258
0.975304
0.893443
0.767183
0.979331
0.950553
0.976828
0.985971
0.878816
0.957688
0.984398
0.886324
0.958525
0.900321
0.913009
0.967907
0.915750
0.955810
0.914834
0.960326
0.855790
0.954476
0.917369
0.587649
0.840743
0.979249
0.658084
0.868005
0.883723
0.903510
0.970088
0.928960
0.763064
0.892128
0.967649
0.435914
0.973178
0.933257
0.471257
0.972835
0.967749
0.916305
0.877746
0.989301
0.649793
0.968225
0.936439
0.915100
0.917172
0.957905
0.923306
0.968600
0.693224
0.957019
0.973598
0.841489
0.744409
0.940476
0.979734
0.961631
0.990386
0.944622
0.932798
0.974226
0.812726
0.686475
0.979133
0.960626
0.967047
0.922721
0.967780
0.933743
0.990180
0.966134
0.978859
0.735135
0.961743
0.972877
0.902187
0.967242
0.906350
0.873969
0.909577
0.929371
0.945855
0.924540
0.903784
0.889146
0.943998
0.927608
0.927131
0.936999
0.913430
0.952456
0.976904
0.952725
0.906965
0.987461
0.927727
0.962362
0.925366
0.954984
0.914540
0.911773
0.799503
0.952441
0.918365
0.964550
0.920320
-0.305222
0.941804
0.971476
0.897634
0.910826
0.933911
0.974895
0.896393
0.965522
0.940987
0.940116
0.971983
0.846835
0.904013
0.933827
0.953904
0.934070
0.944703
0.960720
0.980793
0.895757
0.961519
0.947021
0.868633
0.983460
0.768306
0.919038
0.940261
0.941558
0.908369
0.951628
0.952248
0.706739
0.921891
0.973124
0.966741
0.954257
0.840577
0.991997
0.948392
0.699283
0.964845
0.895097
0.889563
0.976493
0.961039
0.958863
0.969201
-0.193853
0.952517
0.960636
0.943483
0.536448
0.920674
0.983185
0.950429
0.992746
0.748183
0.932430
0.990359
0.965260
0.755519
0.950147
0.881040
0.069309
0.941813
0.926551
0.281087
0.925199
0.976145
0.934366
0.965691
0.981087
0.964141
0.981456
0.962941
0.933929
0.946965
0.908007
0.923102
0.937863
0.966952
0.886703
0.952580
0.975157
0.923018
0.968492
0.988371
0.884229
0.881849
0.958834
0.934272
0.918945
0.937410
0.921192
0.865373
0.986027
0.922624
0.924055
0.936133
0.976971
0.939796
0.836912
0.518134
0.775816
0.971864
0.912817
0.910827
0.903508
0.957209
0.982916
0.710097
0.853894
0.973320
0.913316
0.947663
0.929463
0.969912
0.965717
0.853801
0.898100
0.908230
0.981319
0.961440
0.443731
0.948835
0.975858
0.227326
0.962427
0.980825
0.955636
0.986108
0.983782
0.865460
0.939125
0.904331
0.924179
0.965150
0.961455
0.951641
0.981903
0.918368
0.944886
0.962073
0.976443
0.883728
0.985610
0.955729
0.968152
0.884540
0.977972
0.895651
0.957084
0.955837
0.922944
0.982657
0.944529
0.898888
0.899122
0.987451
0.962845
0.970253
0.969118
0.703625
0.971064
0.943995
0.650123
0.973300
0.752028
0.903275
0.968198
0.336963
0.929965
0.976516
0.980813
0.933600
0.867806
0.955348
0.898027
0.968470
0.962551
0.891340
0.919334
0.957926
0.909395
0.951967
0.965058
0.731357
0.959229
0.943346
0.970290
0.954887
0.974843
0.969966
0.912997
0.878325
0.958443
0.969032
0.917343
0.888256
0.986163
0.898861
0.946875
0.984702
0.956776
0.965081
0.958314
0.983383
0.903940
0.931638
0.953270
0.931985
0.907297
0.958687
0.941997
0.916762
0.936766
0.979602
0.960557
0.955516
0.936564
0.961621
0.969653
0.966248
0.968840
0.813759
0.908256
0.982801
0.845661
0.914083
0.928013
0.987450
0.874426
0.980119
0.943235
0.725269
0.977051
0.919329
0.908613
0.974393
0.961164
0.951105
0.970882
0.900935
0.949635
0.905875
0.972080
0.973261
0.966823
0.832408
0.799289
0.987716
0.939285
0.977999
0.925296
0.958808
0.981055
0.817183
0.792287
0.944423
0.888233
0.977644
0.969867
0.775594
0.970228
0.896847
0.944918
0.928610
0.798881
0.939184
0.930379
0.944643
0.945343
0.959336
0.932006
0.945779
0.966219
0.924521
0.938783
0.925413
0.963960
0.955417
0.932992
0.788541
0.985369
0.931772
0.927915
0.976088
0.934214
0.906036
0.958042
0.951515
0.934445
0.986192
0.949769
0.980351
0.830621
0.681602
0.966964
0.972967
0.932253
0.959416
0.982573
0.977930
0.918728
0.978548
0.932020
0.889216
0.951586
0.885789
0.882886
0.980794
0.946387
0.950291
0.843829
0.957450
0.946300
0.970719
0.940480
0.867786
0.946649
0.971736
0.902836
0.976409
0.959363
0.954687
0.965175
0.976205
0.939360
0.934338
0.886289
0.909750
0.955853
0.965417
0.956862
0.955824
0.867598
0.968622
0.976512
0.962725
0.825310
0.974572
0.957053
0.963597
0.980496
0.964393
0.945281
0.983803
0.959503
0.959064
0.973803
0.897717
0.810001
0.984469
0.961549
0.901072
0.942000
0.913211
0.959700
0.971374
0.969980
0.933828
0.959794
0.945733
0.916188
0.976628
0.971237
0.973495
0.951510
0.817440
0.801762
0.977401
0.929049
0.890564
0.972070
0.964439
0.906251
0.931444
0.944183
0.886359
0.987014
0.807617
0.987304
0.906831
0.981399
0.933356
0.976975
0.964822
0.960328
0.990140
0.983346
0.741416
0.891826
0.926567
0.899149
0.982109
0.950944
0.939768
0.946837
0.973825
0.884317
0.948933
0.894452
0.951483
0.967894
0.949053
0.962444
0.966383
0.911500
0.904783
0.929760
0.971941
0.939161
0.965984
0.906921
0.932191
0.974820
0.986660
0.944020
0.960937
0.942126
0.955591
0.975088
0.965998
0.353926
0.710068
0.963597
0.960617
0.950565
0.983570
0.744600
0.842873
0.980494
0.936396
0.975972
0.796753
0.834820
0.953165
0.971909
0.930671
0.985621
0.959034
0.817129
0.953770
0.909329
0.896037
0.918569
0.946169
0.869645
0.869075
0.897865
0.948973
0.967234
0.929478
0.422825
0.964530
0.964509
0.960183
0.895843
0.938082
0.927388
0.984670
0.949764
0.895617
0.882158
0.965773
0.930472
0.956080
0.975188
0.869515
0.984381
0.830971
0.940432
0.983253
0.903422
0.950162
0.967127
0.931627
0.943768
0.946835
0.890857
0.983989
0.938214
0.932291
0.939852
0.919694
0.981060
0.922381
0.916562
0.854036
0.830433
0.889018
0.950662
0.931484
0.898253
0.896155
0.972830
0.963631
0.963620
0.935646
0.893057
0.951202
0.956739
0.962323
0.733966
0.776974
0.969712
0.967780
0.715127
0.988851
0.968858
0.904167
0.956427
0.970741
0.925140
0.982841
0.966748
0.965317
0.960122
0.831358
0.979889
0.960792
0.937139
0.970954
0.948593
0.973490
0.845073
0.975133
0.960512
0.882924
0.956326
0.956934
0.043341
0.982082
0.897600
0.956036
0.762017
0.930952
0.920560
0.971889
0.940044
0.795622
0.888002
0.984337
0.413154
0.968560
0.986295
0.930477
0.943988
0.983301
0.853436
0.982752
0.982384
0.911520
0.945557
0.972651
0.988593
0.934396
0.917071
0.874585
0.915836
0.984777
0.915045
0.853333
0.943535
0.900568
0.939947
0.964087
0.856178
0.978866
0.974669
0.889010
0.933440
0.978452
0.916787
0.917534
0.957315
0.916721
0.881802
0.957706
0.972739
0.950671
0.963551
0.982564
0.975007
0.940975
0.964919
0.979679
0.953734
0.958210
0.961633
0.875888
0.942301
0.959586
0.961359
0.901439
0.935522
0.968199
0.975985
0.985606
0.961632
0.982670
0.983119
0.752962
0.923908
0.958967
0.975946
0.930735
0.985206
0.881825
0.842108
0.967742
0.936465
0.964718
0.829025
0.969590
0.812809
0.982845
0.966704
0.949313
0.961532
0.931894
0.947691
0.937396
0.929914
0.952819
0.979998
0.973654
0.913473
0.961217
0.937796
0.923955
0.984899
0.808840
0.938284
0.775755
0.963398
0.953913
0.951494
0.969885
0.916678
0.930625
0.909483
0.915073
0.925920
0.989832
0.956197
0.944584
0.931454
0.781630
0.942745
0.936511
0.979300
0.893379
0.952170
0.926714
0.932801
0.910485
0.962771
0.805457
0.983431
0.841862
0.955713
0.965315
0.962171
0.936880
0.963579
0.943158
0.971097
0.962326
0.967920
0.908480
0.936842
0.973952
0.959535
0.953495
0.939184
0.990983
0.665979
0.885714
0.982282
0.934112
0.965689
0.982314
0.948350
0.956969
0.975920
0.970760
0.934284
0.970300
0.984791
0.967645
0.935850
0.925276
0.970141
0.962211
0.967112
0.354298
0.747236
0.960016
0.954441
0.960142
0.961070
0.976425
0.906982
0.782240
0.644128
0.982509
0.939038
0.980826
0.968899
0.915711
0.961022
0.981237
0.963289
0.940467
0.991491
0.966137
0.853937
0.926353
0.950484
0.867038
0.959278
0.819915
0.956064
0.905522
0.932251
0.635636
0.965656
0.970706
0.960683
0.971523
0.960656
0.949412
0.935078
0.925647
0.958685
0.950018
0.967845
0.832205
0.968761
0.958393
0.966686
0.972022
0.927052
0.940001
0.977476
0.990920
0.690245
0.808820
0.976711
0.922233
0.985756
0.899791
0.923865
0.882242
0.914709
0.898928
0.985654
0.896884
0.805651
0.928071
0.934966
0.935139
0.925629
0.948898
0.921596
0.971976
0.916912
0.909431
0.989915
0.887938
0.912291
0.992767
0.935751
0.971555
0.966120
0.979806
0.947643
0.913247
0.948437
0.920102
0.981481
0.926429
0.962777
0.992840
0.967505
0.944911
0.888732
0.984561
0.972517
0.936867
0.967672
0.978432
0.912607
0.958993
0.868225
0.792955
0.909211
0.884419
0.884710
0.959080
0.854909
0.937321
0.873952
0.885237
0.935899
0.980138
0.867960
0.988840
0.974362
0.894259
0.973780
0.906052
0.948985
0.935036
0.969393
0.957722
0.977214
0.888306
0.860821
0.965071
0.980244
0.900023
0.860284
0.982094
0.970515
0.946208
0.882671
0.885310
0.952496
0.905798
0.831057
0.906242
0.983006
0.927592
0.855244
0.955987
0.800349
0.021667
0.918961
0.970536
0.655905
0.965977
0.741966
0.970475
0.982808
0.913093
0.857744
0.958197
0.959329
0.964828
0.866718
0.951205
0.958305
0.941028
0.850834
0.969441
0.957521
0.739503
0.978970
0.970412
0.983348
0.878303
0.922950
0.920989
0.971860
0.935649
0.898366
0.892782
0.963101
0.912875
0.968955
0.904800
0.866838
0.991651
0.974943
0.940242
0.647576
0.912282
0.922115
0.939497
0.942350
0.902349
0.920670
0.935435
0.719101
0.909011
0.946625
0.651850
0.871366
0.853131
0.573650
0.981547
0.963496
0.969109
0.980251
0.934797
0.932113
0.973308
0.722126
0.957416
0.934131
0.948045
0.962288
0.703349
0.972935
0.199939
0.921908
0.967820
0.911145
0.986414
0.991470
0.968269
0.915463
0.929780
0.960150
0.991898
0.913751
0.926019
0.961959
0.967221
0.883967
0.956121
0.820856
0.933368
0.977457
0.977963
0.800038
0.965885
0.872084
0.901519
0.858995
0.978062
0.956425
0.976955
0.983810
0.927123
0.972982
0.977001
0.950644
0.896916
0.978189
0.964546
0.956226
0.978636
0.900680
0.972767
0.893040
0.908391
0.924666
0.879527
0.876310
0.955356
0.976416
0.858126
0.971896
0.979871
0.889645
0.956912
0.978880
0.892733
0.936064
0.963334
0.934230
0.970282
0.964385
0.938210
0.945526
0.958227
0.958662
0.803350
0.870681
0.906197
0.979347
0.991191
0.912710
0.984428
0.950637
0.951545
0.932714
0.961714
0.781371
0.923306
0.944529
0.792445
0.923047
0.844241
0.890591
0.863628
0.949029
0.825932
0.974680
0.952508
0.729014
0.848650
0.937633
0.964418
0.988472
0.969313
0.942458
0.959878
0.965512
0.836481
0.981236
0.851003
0.921536
0.979640
0.945323
0.939109
0.963241
0.823132
0.766422
0.921568
0.964727
0.977625
0.952232
0.962368
0.952269
0.974856
0.711087
0.970185
0.989141
0.945871
0.945046
0.978331
0.846140
0.397605
0.719131
0.963612
0.965113
0.926806
0.985927
0.114196
0.911571
0.898045
0.881740
0.893374
0.914605
0.870545
0.964358
0.947933
0.454263
0.905831
0.968806
0.934978
0.904969
0.972284
0.897197
0.983694
0.913133
0.834365
0.979807
0.943933
0.933308
0.900014
0.943271
0.947743
0.812181
0.794515
0.905406
0.893168
0.952648
0.990108
0.866030
0.916668
0.688513
0.984149
0.934644
0.973214
0.966555
0.973156
0.924080
0.887771
0.989938
0.905244
0.965909
0.891712
0.488186
0.924051
0.992123
0.922741
0.939138
0.885309
0.910548
0.985615
0.954127
0.922457
0.736358
0.984094
0.940872
0.940334
0.946523
0.912169
0.974129
0.986392
0.835847
0.954914
0.957800
0.937364
0.940341
0.951021
0.785234
0.958528
0.919050
0.773129
0.903908
0.981382
0.977784
0.797247
0.763389
0.976666
0.982695
0.982053
0.605566
0.964008
0.962334
0.956027
0.956380
0.951246
0.952241
0.961441
0.966531
0.947282
0.818507
0.965230
0.880065
0.924867
0.941047
0.670938
0.962273
0.969028
0.932610
0.943742
0.951861
0.962868
0.954991
0.939774
0.958330
0.976483
0.905761
0.784065
0.971126
0.973324
0.940314
0.899507
0.950624
0.910121
0.956464
0.948182
0.905925
0.928989
0.964013
0.882289
0.964632
0.963653
0.914115
0.953684
0.971809
0.805194
0.972633
0.920187
0.902425
0.940225
0.916706
0.941538
0.967349
0.915559
0.949205
0.959993
0.942691
0.933144
0.826437
0.964452
0.820554
0.966033
0.943355
0.921595
0.952291
0.959475
0.960745
0.955204
0.939567
0.959064
0.972157
0.890664
0.926267
0.916670
0.972735
0.953949
0.905754
0.907790
0.910329
0.909862
0.949200
0.978140
0.971525
0.917108
0.946495
0.976058
0.972259
0.964082
0.931288
0.979591
0.977335
0.943507
0.978594
0.749655
0.966958
0.908198
0.941848
0.899196
0.975481
0.212672
0.928876
0.933287
0.950987
0.942588
0.947539
0.943599
0.952417
0.955558
0.958685
0.917247
0.981756
0.915190
0.960906
0.975318
0.921760
0.920287
0.977941
0.850678
0.913335
0.980697
0.857173
0.929564
0.891171
0.781592
0.749215
0.973700
0.832542
0.963446
0.864483
0.942354
0.938278
0.974296
0.905354
0.207344
0.881223
0.980735
0.983949
0.968028
0.933285
0.945609
0.975853
0.932182
0.987932
0.880192
0.847070
0.968042
0.960838
0.911708
0.951305
0.879790
0.961616
0.967787
0.972310
0.934932
0.980782
0.935021
0.963363
0.980566
0.974971
0.909124
0.925775
0.890179
0.942272
0.970929
0.885344
0.071675
0.954576
0.770488
0.903882
0.983333
0.962174
0.943621
0.941065
0.955464
0.958571
0.889175
0.966508
0.672311
0.893011
0.941495
0.748823
0.953045
0.486942
0.934208
0.983998
0.978232
0.899916
0.956540
0.946106
0.882806
0.968661
0.969332
0.944774
0.926096
0.968180
0.918455
0.931127
0.918176
0.907442
0.952766
0.987952
0.918433
0.965487
0.945574
0.705902
0.981737
0.976553
0.927498
0.981524
0.722735
0.959405
0.980190
0.943928
0.953411
0.695589
0.776840
0.816658
0.933278
0.944290
0.807552
0.988878
0.857223
0.964871
0.967289
0.916203
0.779046
0.908767
0.986269
0.936751
0.891248
0.966603
0.896625
0.984807
0.979988
0.967155
0.946725
0.960893
0.866569
0.796886
0.978051
0.922722
0.990096
0.972416
0.951291
0.884091
0.924003
0.827696
0.765835
0.957479
0.851034
0.931283
0.844677
0.915771
0.990450
0.907283
0.981541
0.866588
0.989607
0.962820
0.691023
0.981995
0.728663
0.936794
0.953017
0.914774
0.940304
0.942772
0.872215
0.991715
0.813023
0.952438
0.952253
0.917508
0.949739
0.932372
0.963961
0.948360
0.947986
0.680478
0.809040
0.974954
0.611218
0.963482
0.953353
0.952266
0.980187
0.911768
0.968127
0.969005
0.974451
0.987286
0.789433
0.961031
0.797745
0.965060
0.968484
0.964369
0.957892
0.951453
0.936163
0.942423
0.893472
0.961660
0.894702
0.947760
0.968055
0.959019
0.894093
0.956828
0.871768
0.904891
0.984773
0.940496
0.986255
0.956913
0.887855
0.979102
0.824887
0.633377
0.969889
0.763564
0.918676
0.920267
0.971225
0.962989
0.924960
0.974139
0.880920
0.949141
0.967239
0.924534
0.910257
0.965910
0.791624
0.866136
0.962451
0.926634
0.961342
0.671281
0.807067
0.959909
0.975389
0.941659
0.962941
0.816652
0.929767
0.975860
0.908139
0.981666
0.983154
0.942888
0.862324
0.939450
0.971755
0.935327
0.907940
0.933151
0.961718
0.970734
0.973236
0.876643
0.946384
0.957629
0.912132
0.950552
0.724847
0.805336
0.973053
0.961112
0.839526
0.985383
0.705864
0.985775
0.574574
0.924663
0.782864
0.982414
0.981914
0.801320
0.950608
0.951525
0.881582
0.992945
0.952603
0.698263
0.947571
0.956291
0.979907
0.962157
0.949866
0.936651
0.932001
0.964467
0.798793
0.938464
0.968131
0.777803
0.969554
0.911042
0.968357
0.935780
0.929526
0.828803
0.970996
0.956314
0.939341
0.940830
0.890044
0.503947
0.961134
0.975935
0.973622
0.937037
0.983742
0.827473
0.861437
0.929391
0.888390
0.398751
0.944150
0.891821
0.866359
0.931110
0.957918
0.963887
0.964726
0.822439
0.961165
0.963355
0.801535
0.896500
0.944814
0.824075
0.851530
0.982796
0.928810
0.949836
0.970237
0.965347
0.959698
0.962577
0.948111
0.949980
0.958500
0.085152
0.977985
0.432825
0.864472
0.976656
0.882218
0.853389
0.949648
0.971469
0.978457
0.954757
0.984525
0.862068
0.937839
0.976184
0.964443
0.964163
0.870401
0.869831
0.945388
0.962682
0.913015
0.946495
0.987620
0.909453
0.844616
0.930690
0.954210
0.968205
0.710648
0.882610
0.977492
0.931352
0.902139
0.973804
0.959394
0.951347
0.970495
0.949790
0.880603
0.977526
0.940672
0.939889
0.988782
0.942120
0.891152
0.949533
0.863243
0.867967
0.986942
0.954645
0.899208
0.881565
0.968444
0.833593
0.911949
0.985788
0.944500
0.957675
0.912799
0.934007
0.969858
0.980442
0.964548
0.992317
0.962607
0.715019
0.973544
0.988121
0.860529
0.936795
0.963157
0.917422
0.985022
0.956268
0.939550
0.969507
0.927576
0.970998
0.942946
0.821605
0.904610
0.907447
0.940009
0.826315
0.959775
0.969450
0.921991
0.978405
0.846823
0.948752
0.768453
0.929864
0.958370
0.974554
0.953257
0.949093
0.926193
0.970075
0.958323
0.971769
0.976282
0.783622
0.956295
0.947274
0.946753
0.903629
0.973049
0.975347
0.898844
0.917349
0.986838
0.972283
0.914220
0.905410
0.966977
0.952499
0.949766
0.944651
0.937457
0.945356
0.979476
0.733059
0.838395
0.946591
0.960767
0.822157
0.960594
0.974025
0.874692
0.803432
0.958929
0.820648
0.944605
0.949317
0.832875
0.904639
0.907762
0.250502
0.914502
0.973112
0.799071
0.982452
0.943570
0.930131
0.962628
0.896680
0.959141
0.967763
0.981761
0.913968
0.900407
0.900777
0.689268
0.976338
0.951240
0.901937
0.985259
0.956498
0.901808
0.941805
0.950981
0.907661
0.942175
0.963546
0.637772
0.862844
0.901835
0.896306
0.983760
0.907210
0.868661
0.972009
0.966917
0.798888
0.925752
0.897466
0.927100
0.992453
0.937747
0.955398
0.949152
0.975645
0.960766
0.974966
0.917000
0.951174
0.864391
0.938022
0.831489
0.960672
0.973236
0.934035
0.974034
0.976891
0.914442
0.962192
0.991553
0.940229
0.934021
0.890394
0.973531
0.925366
0.940613
0.594188
0.993384
0.978796
0.950229
0.969379
0.964224
0.944177
0.984819
0.974382
0.943375
0.961894
0.983704
0.862449
0.873185
0.822940
0.770893
0.967095
0.981297
0.907366
0.953867
0.718493
0.959740
0.981918
0.966855
0.896711
0.923354
0.972459
0.678296
0.993320
0.954924
0.870097
0.955768
0.969072
0.891767
0.938220
0.963029
0.991717
0.941010
0.976466
0.933775
0.981253
0.949548
0.907916
0.981518
0.926392
0.922781
0.963355
0.974908
0.943566
0.983547
0.922187
0.933459
0.977229
0.876597
0.454717
0.937920
0.963552
0.863400
0.953685
0.961180
0.833628
0.970020
0.978474
0.877504
0.953066
0.772738
0.890645
0.957673
0.951399
0.963757
0.975869
0.950113
0.779114
0.964511
0.977693
0.947130
0.833507
0.979736
0.931279
0.938331
0.951398
0.856389
0.992992
0.938661
0.862635
0.951112
0.957395
0.819193
0.686206
0.950004
0.971777
0.711149
0.969833
0.955357
0.838803
0.927703
0.917002
0.958186
0.941776
0.958871
0.973496
0.973968
0.970343
0.973288
0.980446
0.923030
0.981423
0.962742
0.955127
-0.091345
0.977284
0.884716
0.980458
0.930876
0.935400
0.974047
0.959217
0.939643
0.989052
0.959505
0.948472
0.987876
0.968902
0.609531
0.959028
0.986911
0.734877
0.985921
0.943275
0.851125
0.985207
0.952703
0.946337
0.955019
0.977789
0.856060
0.988177
0.953255
0.968178
0.966707
0.961636
0.866509
0.952649
0.969313
0.963448
0.792886
0.955561
0.912309
0.931292
0.932983
0.865567
0.981823
0.874267
0.808875
0.982027
0.946455
0.875802
0.956821
0.950313
0.941536
0.976059
0.973734
0.908574
0.986637
0.986341
0.934968
0.981688
0.913609
0.931839
0.978867
0.956418
0.947631
0.989979
0.895639
0.946185
0.929564
0.955750
0.901656
0.935825
0.950674
0.888833
0.805793
0.958496
0.971310
0.988156
0.989693
0.886633
0.859145
0.782967
0.957612
0.500510
0.822203
0.963290
0.940426
0.980890
0.920832
0.834838
0.950541
0.875851
0.889213
0.932428
0.924707
0.953503
0.960949
0.545386
0.976922
0.990288
0.912823
0.973569
0.903512
0.947266
0.913619
0.954807
-2.996532
0.927718
0.956657
0.908029
0.920504
0.910977
0.814240
0.957409
0.920212
0.822069
0.941211
0.970684
0.940284
0.971878
0.941921
0.963238
0.940259
0.928858
0.886371
0.970645
0.886254
0.870926
0.962100
0.930856
0.824697
0.957370
0.933289
0.908906
0.950763
0.930725
0.965490
0.865196
0.910421
0.843150
0.969880
0.964752
0.943844
0.971898
0.942246
0.961510
0.905774
0.989566
0.838673
0.990271
0.949191
0.963376
0.981322
0.956863
0.863278
0.991037
0.942306
0.921290
0.943416
0.912844
0.873127
0.916812
0.928206
0.909549
0.882644
0.964124
0.979666
0.954953
0.568646
0.966330
0.958568
0.968088
0.972662
0.778380
0.927988
0.936559
0.838973
0.965164
0.889362
0.804130
0.959326
0.926036
0.981644
0.859307
0.978125
0.865310
0.981394
0.957366
0.941881
0.975238
0.985491
0.958347
0.966146
0.705361
0.958127
0.923318
0.986762
0.986750
0.972826
0.717977
0.970126
0.970121
0.932444
0.976466
0.952322
0.970266
0.983894
0.972209
0.973074
0.939664
0.944333
0.710333
0.947672
0.948244
0.958845
0.928631
0.651233
0.929389
0.948766
0.974976
0.957917
0.965854
0.959811
0.865573
0.961938
0.977123
0.604343
0.941831
0.978208
0.826591
0.882659
0.968997
0.929961
0.976065
0.952267
0.972827
0.985247
0.866962
-0.128720
0.948759
0.950257
0.921234
0.890967
0.924843
0.768499
0.931624
0.960271
0.945644
0.951432
0.948956
0.903388
0.990266
0.906785
0.924022
0.930701
0.981422
0.960831
0.926142
0.970844
0.970748
0.967670
0.968939
0.839578
0.977082
0.965615
0.975778
0.893847
0.980361
0.960725
0.985100
0.913014
0.888023
0.676876
0.975800
0.875702
0.886453
0.976765
0.885628
0.776705
0.966476
0.916947
0.981086
0.984294
0.849886
0.926991
0.989781
0.883455
0.972205
0.950610
0.974948
0.938990
0.975264
0.952575
0.984429
0.952113
0.963544
0.935424
0.987816
0.822567
0.864855
0.948384
0.673394
0.967537
0.969024
0.749879
0.945395
0.947247
0.741658
0.952140
0.972624
0.927671
0.977013
0.946314
0.934047
0.988904
0.930907
0.745852
0.953116
0.975375
0.953920
0.973335
0.644279
0.906698
0.971036
0.969664
0.857358
0.918842
0.925955
0.918053
0.922637
0.953888
0.914529
0.964297
0.977173
-0.607760
0.980633
0.948299
0.917085
0.986189
0.969432
0.944270
0.969771
0.808566
0.878298
0.983423
0.978297
0.910401
0.933860
0.921391
0.024583
0.618851
0.932260
0.920351
0.979545
0.969328
0.851839
0.888948
0.934417
0.912110
0.965660
0.959027
0.949072
0.923131
0.987497
0.953443
0.986936
0.962713
0.938135
0.992297
0.974944
0.943857
0.937515
0.938732
0.686091
0.986395
0.941033
0.894858
